
double za[14] = {2.,6.,8.,10.,12.,14.,16.,18.,20.,22.,24.,26.,26.,28.};
double aa[14] = {4.,12.,16.,20.,24.,28.,32.,36.,40.,44.,48.,52.,54.,56.};
double ea[14] = {0.005974,0.017909,0.023871,0.029837,0.035796,0.041753,0.047716,0.053679,0.059641,
	0.065606,0.071568,0.077528,0.080497,0.083489};


double rho0p8[378] = {5.0e9,1.05e+07,1.04e+07,1.03e+07,1.03e+07,1.03e+07,1.02e+07,1.02e+07,1.02e+07,1.01e+07,1.01e+07,1.01e+07,1.01e+07,
	1.01e+07,1.00e+07,1.00e+07,1.00e+07,9.98e+06,9.96e+06,9.95e+06,9.93e+06,9.92e+06,9.90e+06,9.89e+06,9.87e+06,9.86e+06,9.85e+06,
	9.84e+06,9.82e+06,9.81e+06,9.80e+06,9.79e+06,9.78e+06,9.77e+06,9.76e+06,9.75e+06,9.74e+06,9.73e+06,9.72e+06,9.71e+06,9.70e+06,
	9.69e+06,9.68e+06,9.67e+06,9.66e+06,9.66e+06,9.65e+06,9.64e+06,9.63e+06,9.62e+06,9.61e+06,9.61e+06,9.60e+06,9.59e+06,9.58e+06,
	9.57e+06,9.56e+06,9.56e+06,9.55e+06,9.54e+06,9.53e+06,9.52e+06,9.52e+06,9.51e+06,9.50e+06,9.49e+06,9.48e+06,9.48e+06,9.47e+06,
	9.46e+06,9.45e+06,9.44e+06,9.43e+06,9.43e+06,9.42e+06,9.41e+06,9.40e+06,9.39e+06,9.38e+06,9.37e+06,9.36e+06,9.35e+06,9.34e+06,
	9.33e+06,9.32e+06,9.31e+06,9.30e+06,9.29e+06,9.28e+06,9.27e+06,9.26e+06,9.25e+06,9.24e+06,9.23e+06,9.21e+06,9.20e+06,9.19e+06,
	9.18e+06,9.16e+06,9.15e+06,9.13e+06,9.12e+06,9.11e+06,9.09e+06,9.07e+06,9.06e+06,9.04e+06,9.02e+06,9.01e+06,8.99e+06,8.97e+06,
	8.95e+06,8.93e+06,8.91e+06,8.88e+06,8.86e+06,8.84e+06,8.81e+06,8.79e+06,8.76e+06,8.73e+06,8.71e+06,8.68e+06,8.65e+06,8.61e+06,
	8.58e+06,8.55e+06,8.51e+06,8.47e+06,8.43e+06,8.39e+06,8.35e+06,8.31e+06,8.26e+06,8.22e+06,8.17e+06,8.12e+06,8.07e+06,8.02e+06,
	7.96e+06,7.91e+06,7.85e+06,7.79e+06,7.73e+06,7.67e+06,7.61e+06,7.54e+06,7.48e+06,7.41e+06,7.34e+06,7.27e+06,7.20e+06,7.13e+06,
	7.06e+06,6.98e+06,6.91e+06,6.83e+06,6.75e+06,6.68e+06,6.60e+06,6.52e+06,6.44e+06,6.35e+06,6.27e+06,6.19e+06,6.11e+06,6.02e+06,
	5.94e+06,5.85e+06,5.77e+06,5.68e+06,5.60e+06,5.51e+06,5.43e+06,5.34e+06,5.25e+06,5.17e+06,5.08e+06,5.00e+06,4.91e+06,4.83e+06,
	4.74e+06,4.66e+06,4.57e+06,4.49e+06,4.41e+06,4.33e+06,4.24e+06,4.16e+06,4.08e+06,4.01e+06,3.93e+06,3.85e+06,3.77e+06,3.70e+06,
	3.62e+06,3.55e+06,3.48e+06,3.41e+06,3.34e+06,3.27e+06,3.20e+06,3.13e+06,3.07e+06,3.00e+06,2.94e+06,2.88e+06,2.82e+06,2.76e+06,
	2.70e+06,2.64e+06,2.58e+06,2.53e+06,2.48e+06,2.43e+06,2.37e+06,2.32e+06,2.28e+06,2.23e+06,2.18e+06,2.14e+06,2.10e+06,2.05e+06,
	2.01e+06,1.97e+06,1.94e+06,1.90e+06,1.86e+06,1.83e+06,1.79e+06,1.76e+06,1.73e+06,1.70e+06,1.67e+06,1.64e+06,1.61e+06,1.58e+06,
	1.56e+06,1.53e+06,1.50e+06,1.48e+06,1.45e+06,1.43e+06,1.41e+06,1.38e+06,1.36e+06,1.34e+06,1.32e+06,1.30e+06,1.28e+06,1.26e+06,
	1.24e+06,1.22e+06,1.20e+06,1.19e+06,1.17e+06,1.15e+06,1.14e+06,1.12e+06,1.10e+06,1.09e+06,1.07e+06,1.06e+06,1.04e+06,1.03e+06,
	1.01e+06,1.00e+06,9.86e+05,9.73e+05,9.59e+05,9.46e+05,9.34e+05,9.21e+05,9.09e+05,8.97e+05,8.85e+05,8.73e+05,8.62e+05,8.50e+05,
	8.39e+05,8.28e+05,8.17e+05,8.07e+05,7.96e+05,7.86e+05,7.75e+05,7.65e+05,7.55e+05,7.46e+05,7.36e+05,7.26e+05,7.17e+05,7.07e+05,
	6.98e+05,6.89e+05,6.80e+05,6.71e+05,6.62e+05,6.54e+05,6.45e+05,6.36e+05,6.28e+05,6.20e+05,6.11e+05,6.03e+05,5.95e+05,5.87e+05,
	5.79e+05,5.71e+05,5.63e+05,5.55e+05,5.47e+05,5.40e+05,5.32e+05,5.24e+05,5.17e+05,5.09e+05,5.02e+05,4.95e+05,4.87e+05,4.80e+05,
	4.73e+05,4.65e+05,4.58e+05,4.51e+05,4.44e+05,4.36e+05,4.29e+05,4.22e+05,4.15e+05,4.08e+05,4.01e+05,3.94e+05,3.87e+05,3.80e+05,
	3.73e+05,3.66e+05,3.59e+05,3.52e+05,3.45e+05,3.38e+05,3.31e+05,3.23e+05,3.16e+05,3.09e+05,3.02e+05,2.95e+05,2.88e+05,2.81e+05,
	2.73e+05,2.66e+05,2.59e+05,2.51e+05,2.44e+05,2.36e+05,2.29e+05,2.21e+05,2.14e+05,2.06e+05,1.98e+05,1.90e+05,1.82e+05,1.73e+05,
	1.65e+05,1.57e+05,1.48e+05,1.39e+05,1.30e+05,1.20e+05,1.11e+05,1.00e+05,8.98e+04,7.86e+04,6.66e+04,5.34e+04,3.84e+04,1.88e+04,1.0e4};

double rho1p0[378] = {5.0e9,3.32e+07,3.30e+07,3.29e+07,3.27e+07,3.26e+07,3.25e+07,3.23e+07,3.22e+07,3.21e+07,3.20e+07,3.19e+07,3.18e+07,
	3.17e+07,3.16e+07,3.15e+07,3.14e+07,3.13e+07,3.12e+07,3.11e+07,3.10e+07,3.09e+07,3.08e+07,3.07e+07,3.06e+07,3.05e+07,3.04e+07,
	3.03e+07,3.02e+07,3.01e+07,3.00e+07,2.99e+07,2.98e+07,2.96e+07,2.95e+07,2.94e+07,2.93e+07,2.92e+07,2.91e+07,2.90e+07,2.89e+07,
	2.88e+07,2.87e+07,2.86e+07,2.85e+07,2.84e+07,2.83e+07,2.81e+07,2.80e+07,2.79e+07,2.78e+07,2.77e+07,2.76e+07,2.75e+07,2.73e+07,
	2.72e+07,2.71e+07,2.70e+07,2.69e+07,2.67e+07,2.66e+07,2.65e+07,2.64e+07,2.63e+07,2.61e+07,2.60e+07,2.59e+07,2.58e+07,2.56e+07,
	2.55e+07,2.54e+07,2.52e+07,2.51e+07,2.50e+07,2.48e+07,2.47e+07,2.46e+07,2.44e+07,2.43e+07,2.42e+07,2.40e+07,2.39e+07,2.38e+07,
	2.36e+07,2.35e+07,2.33e+07,2.32e+07,2.31e+07,2.29e+07,2.28e+07,2.26e+07,2.25e+07,2.23e+07,2.22e+07,2.20e+07,2.19e+07,2.17e+07,
	2.16e+07,2.15e+07,2.13e+07,2.12e+07,2.10e+07,2.08e+07,2.07e+07,2.05e+07,2.04e+07,2.02e+07,2.01e+07,1.99e+07,1.98e+07,1.96e+07,
	1.95e+07,1.93e+07,1.91e+07,1.90e+07,1.88e+07,1.87e+07,1.85e+07,1.83e+07,1.82e+07,1.80e+07,1.79e+07,1.77e+07,1.75e+07,1.74e+07,
	1.72e+07,1.70e+07,1.69e+07,1.67e+07,1.65e+07,1.64e+07,1.62e+07,1.60e+07,1.59e+07,1.57e+07,1.56e+07,1.54e+07,1.52e+07,1.51e+07,
	1.49e+07,1.47e+07,1.46e+07,1.44e+07,1.42e+07,1.41e+07,1.39e+07,1.37e+07,1.36e+07,1.34e+07,1.33e+07,1.31e+07,1.29e+07,1.28e+07,
	1.26e+07,1.25e+07,1.23e+07,1.21e+07,1.20e+07,1.18e+07,1.17e+07,1.15e+07,1.14e+07,1.12e+07,1.11e+07,1.09e+07,1.08e+07,1.06e+07,
	1.05e+07,1.03e+07,1.02e+07,1.00e+07,9.90e+06,9.76e+06,9.62e+06,9.48e+06,9.34e+06,9.21e+06,9.07e+06,8.94e+06,8.80e+06,8.67e+06,
	8.54e+06,8.41e+06,8.29e+06,8.16e+06,8.04e+06,7.91e+06,7.79e+06,7.67e+06,7.55e+06,7.43e+06,7.32e+06,7.20e+06,7.09e+06,6.98e+06,
	6.86e+06,6.76e+06,6.65e+06,6.54e+06,6.44e+06,6.33e+06,6.23e+06,6.13e+06,6.03e+06,5.93e+06,5.83e+06,5.74e+06,5.64e+06,5.55e+06,
	5.46e+06,5.37e+06,5.28e+06,5.20e+06,5.11e+06,5.03e+06,4.94e+06,4.86e+06,4.78e+06,4.70e+06,4.62e+06,4.55e+06,4.47e+06,4.40e+06,
	4.33e+06,4.26e+06,4.19e+06,4.12e+06,4.05e+06,3.98e+06,3.92e+06,3.85e+06,3.79e+06,3.73e+06,3.67e+06,3.61e+06,3.55e+06,3.49e+06,
	3.44e+06,3.38e+06,3.33e+06,3.27e+06,3.22e+06,3.17e+06,3.12e+06,3.07e+06,3.02e+06,2.97e+06,2.92e+06,2.87e+06,2.83e+06,2.78e+06,
	2.74e+06,2.69e+06,2.65e+06,2.61e+06,2.56e+06,2.52e+06,2.48e+06,2.44e+06,2.40e+06,2.37e+06,2.33e+06,2.29e+06,2.25e+06,2.22e+06,
	2.18e+06,2.14e+06,2.11e+06,2.08e+06,2.04e+06,2.01e+06,1.98e+06,1.94e+06,1.91e+06,1.88e+06,1.85e+06,1.82e+06,1.79e+06,1.76e+06,
	1.73e+06,1.70e+06,1.67e+06,1.65e+06,1.62e+06,1.59e+06,1.57e+06,1.54e+06,1.51e+06,1.49e+06,1.46e+06,1.44e+06,1.41e+06,1.39e+06,
	1.37e+06,1.34e+06,1.32e+06,1.30e+06,1.27e+06,1.25e+06,1.23e+06,1.21e+06,1.19e+06,1.17e+06,1.14e+06,1.12e+06,1.10e+06,1.08e+06,
	1.06e+06,1.04e+06,1.03e+06,1.01e+06,9.87e+05,9.69e+05,9.50e+05,9.32e+05,9.14e+05,8.96e+05,8.79e+05,8.62e+05,8.44e+05,8.28e+05,
	8.11e+05,7.94e+05,7.78e+05,7.62e+05,7.46e+05,7.30e+05,7.14e+05,6.99e+05,6.84e+05,6.69e+05,6.54e+05,6.39e+05,6.24e+05,6.09e+05,
	5.95e+05,5.81e+05,5.66e+05,5.52e+05,5.39e+05,5.25e+05,5.11e+05,4.97e+05,4.84e+05,4.71e+05,4.57e+05,4.44e+05,4.31e+05,4.18e+05,
	4.05e+05,3.92e+05,3.79e+05,3.67e+05,3.54e+05,3.41e+05,3.29e+05,3.16e+05,3.04e+05,2.91e+05,2.78e+05,2.66e+05,2.53e+05,2.41e+05,
	2.28e+05,2.15e+05,2.02e+05,1.89e+05,1.76e+05,1.62e+05,1.49e+05,1.34e+05,1.20e+05,1.05e+05,8.83e+04,7.08e+04,5.09e+04,2.53e+04,1.0e4};

double rho1p2[378] = {5.0e9,1.52e+08,1.51e+08,1.51e+08,1.50e+08,1.49e+08,1.49e+08,1.48e+08,1.48e+08,1.47e+08,1.47e+08,1.46e+08,1.45e+08,
	1.45e+08,1.44e+08,1.44e+08,1.43e+08,1.43e+08,1.42e+08,1.42e+08,1.41e+08,1.40e+08,1.40e+08,1.39e+08,1.39e+08,1.38e+08,1.37e+08,
	1.37e+08,1.36e+08,1.36e+08,1.35e+08,1.34e+08,1.34e+08,1.33e+08,1.32e+08,1.32e+08,1.31e+08,1.30e+08,1.30e+08,1.29e+08,1.28e+08,
	1.27e+08,1.27e+08,1.26e+08,1.25e+08,1.24e+08,1.24e+08,1.23e+08,1.22e+08,1.21e+08,1.20e+08,1.20e+08,1.19e+08,1.18e+08,1.17e+08,
	1.16e+08,1.16e+08,1.15e+08,1.14e+08,1.13e+08,1.12e+08,1.11e+08,1.10e+08,1.09e+08,1.09e+08,1.08e+08,1.07e+08,1.06e+08,1.05e+08,
	1.04e+08,1.03e+08,1.02e+08,1.01e+08,1.00e+08,9.94e+07,9.85e+07,9.75e+07,9.66e+07,9.57e+07,9.47e+07,9.38e+07,9.28e+07,9.19e+07,
	9.10e+07,9.00e+07,8.91e+07,8.81e+07,8.72e+07,8.63e+07,8.53e+07,8.44e+07,8.34e+07,8.25e+07,8.16e+07,8.06e+07,7.97e+07,7.88e+07,
	7.79e+07,7.70e+07,7.61e+07,7.52e+07,7.42e+07,7.33e+07,7.25e+07,7.16e+07,7.07e+07,6.98e+07,6.89e+07,6.81e+07,6.72e+07,6.64e+07,
	6.55e+07,6.47e+07,6.38e+07,6.30e+07,6.22e+07,6.14e+07,6.06e+07,5.98e+07,5.90e+07,5.82e+07,5.75e+07,5.67e+07,5.59e+07,5.52e+07,
	5.45e+07,5.37e+07,5.30e+07,5.23e+07,5.16e+07,5.09e+07,5.02e+07,4.95e+07,4.89e+07,4.82e+07,4.76e+07,4.69e+07,4.63e+07,4.57e+07,
	4.50e+07,4.44e+07,4.38e+07,4.32e+07,4.26e+07,4.20e+07,4.15e+07,4.09e+07,4.03e+07,3.98e+07,3.92e+07,3.87e+07,3.82e+07,3.76e+07,
	3.71e+07,3.66e+07,3.61e+07,3.56e+07,3.51e+07,3.46e+07,3.41e+07,3.36e+07,3.31e+07,3.27e+07,3.22e+07,3.18e+07,3.13e+07,3.09e+07,
	3.04e+07,3.00e+07,2.96e+07,2.91e+07,2.87e+07,2.83e+07,2.79e+07,2.75e+07,2.71e+07,2.67e+07,2.63e+07,2.60e+07,2.56e+07,2.52e+07,
	2.48e+07,2.45e+07,2.41e+07,2.38e+07,2.34e+07,2.31e+07,2.27e+07,2.24e+07,2.21e+07,2.18e+07,2.14e+07,2.11e+07,2.08e+07,2.05e+07,
	2.02e+07,1.99e+07,1.96e+07,1.93e+07,1.90e+07,1.87e+07,1.85e+07,1.82e+07,1.79e+07,1.76e+07,1.74e+07,1.71e+07,1.68e+07,1.66e+07,
	1.63e+07,1.61e+07,1.59e+07,1.56e+07,1.54e+07,1.51e+07,1.49e+07,1.47e+07,1.45e+07,1.42e+07,1.40e+07,1.38e+07,1.36e+07,1.34e+07,
	1.32e+07,1.30e+07,1.28e+07,1.26e+07,1.24e+07,1.22e+07,1.20e+07,1.18e+07,1.16e+07,1.14e+07,1.13e+07,1.11e+07,1.09e+07,1.07e+07,
	1.06e+07,1.04e+07,1.02e+07,1.01e+07,9.92e+06,9.76e+06,9.61e+06,9.45e+06,9.30e+06,9.15e+06,9.01e+06,8.86e+06,8.72e+06,8.58e+06,
	8.44e+06,8.31e+06,8.17e+06,8.04e+06,7.91e+06,7.78e+06,7.66e+06,7.53e+06,7.41e+06,7.29e+06,7.17e+06,7.05e+06,6.93e+06,6.82e+06,
	6.70e+06,6.59e+06,6.48e+06,6.37e+06,6.27e+06,6.16e+06,6.06e+06,5.96e+06,5.86e+06,5.76e+06,5.66e+06,5.56e+06,5.47e+06,5.37e+06,
	5.28e+06,5.19e+06,5.10e+06,5.01e+06,4.92e+06,4.84e+06,4.75e+06,4.67e+06,4.58e+06,4.50e+06,4.42e+06,4.34e+06,4.26e+06,4.19e+06,
	4.11e+06,4.04e+06,3.96e+06,3.89e+06,3.82e+06,3.75e+06,3.68e+06,3.61e+06,3.54e+06,3.47e+06,3.40e+06,3.34e+06,3.27e+06,3.21e+06,
	3.15e+06,3.09e+06,3.02e+06,2.96e+06,2.91e+06,2.85e+06,2.79e+06,2.73e+06,2.67e+06,2.62e+06,2.56e+06,2.51e+06,2.46e+06,2.40e+06,
	2.35e+06,2.30e+06,2.25e+06,2.20e+06,2.15e+06,2.10e+06,2.05e+06,2.00e+06,1.96e+06,1.91e+06,1.86e+06,1.82e+06,1.77e+06,1.73e+06,
	1.69e+06,1.64e+06,1.60e+06,1.56e+06,1.52e+06,1.47e+06,1.43e+06,1.39e+06,1.35e+06,1.31e+06,1.27e+06,1.23e+06,1.19e+06,1.16e+06,
	1.12e+06,1.08e+06,1.04e+06,1.01e+06,9.69e+05,9.32e+05,8.96e+05,8.59e+05,8.23e+05,7.87e+05,7.52e+05,7.16e+05,6.80e+05,6.45e+05,
	6.09e+05,5.74e+05,5.38e+05,5.02e+05,4.65e+05,4.28e+05,3.91e+05,3.53e+05,3.13e+05,2.72e+05,2.29e+05,1.83e+05,1.31e+05,6.45e+04,1.0e4};

double abund0p8[378][14] = {{2.02e-08,1.78e-07,6.93e-07,2.55e-10,2.87e-06,2.32e-01,3.29e-01,6.54e-02,6.14e-02,3.33e-05,1.09e-03,
	1.83e-02,9.17e-04,2.92e-01},
	{2.02e-08,1.78e-07,6.93e-07,2.55e-10,2.87e-06,2.32e-01,3.29e-01,6.54e-02,6.14e-02,3.33e-05,1.09e-03,1.83e-02,9.17e-04,2.92e-01},
	{1.60e-08,2.09e-07,8.32e-07,2.62e-10,3.54e-06,2.66e-01,3.57e-01,6.72e-02,5.98e-02,3.06e-05,9.66e-04,1.54e-02,7.76e-04,2.33e-01},
	{1.63e-08,2.34e-07,9.49e-07,2.86e-10,4.08e-06,2.91e-01,3.75e-01,6.77e-02,5.79e-02,2.83e-05,8.73e-04,1.34e-02,6.75e-04,1.94e-01},
	{1.51e-08,2.56e-07,1.06e-06,2.99e-10,4.59e-06,3.12e-01,3.88e-01,6.75e-02,5.57e-02,2.63e-05,7.93e-04,1.17e-02,5.96e-04,1.63e-01},
	{1.36e-08,2.77e-07,1.17e-06,3.07e-10,5.08e-06,3.31e-01,3.98e-01,6.69e-02,5.35e-02,2.44e-05,7.23e-04,1.04e-02,5.32e-04,1.39e-01},
	{1.13e-08,2.95e-07,1.27e-06,2.59e-10,5.59e-06,3.48e-01,4.05e-01,6.59e-02,5.11e-02,2.25e-05,6.58e-04,9.16e-03,4.65e-04,1.19e-01},
	{1.07e-08,3.09e-07,1.36e-06,2.65e-10,5.93e-06,3.60e-01,4.09e-01,6.52e-02,4.94e-02,2.13e-05,6.17e-04,8.41e-03,4.31e-04,1.07e-01},
	{9.67e-09,3.33e-07,1.52e-06,2.75e-10,6.58e-06,3.79e-01,4.15e-01,6.35e-02,4.64e-02,1.92e-05,5.47e-04,7.20e-03,3.74e-04,8.78e-02},
	{8.97e-09,3.50e-07,1.63e-06,2.82e-10,7.02e-06,3.91e-01,4.18e-01,6.23e-02,4.44e-02,1.79e-05,5.06e-04,6.49e-03,3.41e-04,7.71e-02},
	{8.73e-09,3.62e-07,1.72e-06,2.88e-10,7.32e-06,3.99e-01,4.19e-01,6.15e-02,4.31e-02,1.70e-05,4.79e-04,6.05e-03,3.22e-04,7.05e-02},
	{8.31e-09,3.18e-07,1.41e-06,2.59e-10,6.37e-06,3.73e-01,4.13e-01,6.39e-02,4.73e-02,1.98e-05,5.70e-04,7.65e-03,3.76e-04,9.47e-02},
	{9.91e-09,2.84e-07,1.20e-06,2.49e-10,5.48e-06,3.44e-01,4.03e-01,6.59e-02,5.14e-02,2.28e-05,6.73e-04,9.51e-03,4.60e-04,1.25e-01},
	{1.07e-08,2.69e-07,1.12e-06,2.45e-10,5.10e-06,3.31e-01,3.97e-01,6.66e-02,5.32e-02,2.42e-05,7.21e-04,1.04e-02,5.05e-04,1.41e-01},
	{1.15e-08,2.66e-07,1.10e-06,2.47e-10,4.99e-06,3.27e-01,3.95e-01,6.68e-02,5.37e-02,2.46e-05,7.36e-04,1.07e-02,5.22e-04,1.45e-01},
	{1.16e-08,2.69e-07,1.12e-06,2.51e-10,5.07e-06,3.30e-01,3.96e-01,6.67e-02,5.33e-02,2.43e-05,7.25e-04,1.05e-02,5.14e-04,1.42e-01},
	{1.24e-08,2.10e-07,8.13e-07,2.15e-10,3.78e-06,2.77e-01,3.63e-01,6.69e-02,5.85e-02,2.94e-05,9.20e-04,1.46e-02,6.78e-04,2.19e-01},
	{1.39e-08,1.86e-07,7.11e-07,2.03e-10,3.24e-06,2.51e-01,3.43e-01,6.60e-02,6.01e-02,3.15e-05,1.01e-03,1.67e-02,7.82e-04,2.62e-01},
	{1.44e-08,1.78e-07,6.77e-07,1.92e-10,3.04e-06,2.40e-01,3.35e-01,6.54e-02,6.06e-02,3.24e-05,1.05e-03,1.76e-02,8.32e-04,2.80e-01},
	{1.61e-08,1.69e-07,6.43e-07,1.91e-10,2.86e-06,2.31e-01,3.26e-01,6.48e-02,6.09e-02,3.31e-05,1.08e-03,1.84e-02,8.77e-04,2.98e-01},
	{1.48e-08,1.65e-07,6.26e-07,1.84e-10,2.76e-06,2.25e-01,3.21e-01,6.44e-02,6.11e-02,3.35e-05,1.10e-03,1.89e-02,9.04e-04,3.07e-01},
	{1.71e-08,1.03e-07,3.82e-07,1.38e-10,1.62e-06,1.53e-01,2.44e-01,5.50e-02,5.85e-02,3.62e-05,1.28e-03,2.49e-02,1.20e-03,4.62e-01},
	{1.86e-08,8.41e-08,3.15e-07,1.17e-10,1.28e-06,1.28e-01,2.14e-01,5.04e-02,5.59e-02,3.63e-05,1.32e-03,2.68e-02,1.34e-03,5.22e-01},
	{1.93e-08,7.87e-08,2.97e-07,1.15e-10,1.18e-06,1.21e-01,2.04e-01,4.88e-02,5.49e-02,3.62e-05,1.33e-03,2.74e-02,1.38e-03,5.41e-01},
	{1.99e-08,7.78e-08,2.94e-07,1.15e-10,1.16e-06,1.19e-01,2.03e-01,4.86e-02,5.48e-02,3.62e-05,1.34e-03,2.75e-02,1.40e-03,5.45e-01},
	{2.01e-08,7.80e-08,2.95e-07,1.15e-10,1.17e-06,1.19e-01,2.03e-01,4.86e-02,5.49e-02,3.62e-05,1.34e-03,2.75e-02,1.40e-03,5.44e-01},
	{2.00e-08,7.78e-08,2.94e-07,1.15e-10,1.16e-06,1.19e-01,2.03e-01,4.86e-02,5.48e-02,3.63e-05,1.34e-03,2.75e-02,1.41e-03,5.45e-01},
	{2.01e-08,7.78e-08,2.95e-07,1.15e-10,1.16e-06,1.19e-01,2.03e-01,4.86e-02,5.49e-02,3.63e-05,1.34e-03,2.75e-02,1.41e-03,5.44e-01},
	{2.03e-08,7.80e-08,2.96e-07,1.16e-10,1.17e-06,1.20e-01,2.03e-01,4.87e-02,5.49e-02,3.63e-05,1.34e-03,2.75e-02,1.41e-03,5.44e-01},
	{1.89e-08,7.87e-08,2.98e-07,1.13e-10,1.18e-06,1.21e-01,2.04e-01,4.89e-02,5.51e-02,3.63e-05,1.34e-03,2.74e-02,1.40e-03,5.41e-01},
	{2.09e-08,7.96e-08,3.02e-07,1.19e-10,1.19e-06,1.22e-01,2.06e-01,4.92e-02,5.53e-02,3.63e-05,1.34e-03,2.73e-02,1.40e-03,5.38e-01},
	{2.07e-08,8.08e-08,3.06e-07,1.20e-10,1.21e-06,1.23e-01,2.08e-01,4.95e-02,5.55e-02,3.64e-05,1.33e-03,2.72e-02,1.39e-03,5.34e-01},
	{2.08e-08,8.21e-08,3.11e-07,1.23e-10,1.24e-06,1.25e-01,2.10e-01,4.99e-02,5.57e-02,3.64e-05,1.33e-03,2.71e-02,1.38e-03,5.29e-01},
	{2.09e-08,8.32e-08,3.15e-07,1.24e-10,1.25e-06,1.27e-01,2.12e-01,5.02e-02,5.59e-02,3.65e-05,1.33e-03,2.70e-02,1.37e-03,5.26e-01},
	{2.09e-08,8.42e-08,3.19e-07,1.25e-10,1.27e-06,1.28e-01,2.14e-01,5.05e-02,5.61e-02,3.65e-05,1.33e-03,2.69e-02,1.37e-03,5.22e-01},
	{2.06e-08,8.49e-08,3.21e-07,1.26e-10,1.29e-06,1.29e-01,2.15e-01,5.07e-02,5.62e-02,3.65e-05,1.33e-03,2.68e-02,1.36e-03,5.19e-01},
	{2.06e-08,8.55e-08,3.24e-07,1.27e-10,1.30e-06,1.30e-01,2.16e-01,5.09e-02,5.64e-02,3.65e-05,1.33e-03,2.67e-02,1.36e-03,5.17e-01},
	{2.11e-08,8.60e-08,3.25e-07,1.26e-10,1.31e-06,1.31e-01,2.17e-01,5.11e-02,5.64e-02,3.65e-05,1.32e-03,2.67e-02,1.35e-03,5.15e-01},
	{2.10e-08,8.65e-08,3.27e-07,1.29e-10,1.32e-06,1.31e-01,2.18e-01,5.12e-02,5.65e-02,3.65e-05,1.32e-03,2.66e-02,1.35e-03,5.13e-01},
	{1.87e-08,8.69e-08,3.29e-07,1.23e-10,1.33e-06,1.32e-01,2.19e-01,5.13e-02,5.66e-02,3.65e-05,1.32e-03,2.65e-02,1.35e-03,5.12e-01},
	{2.08e-08,8.73e-08,3.30e-07,1.30e-10,1.33e-06,1.33e-01,2.20e-01,5.15e-02,5.67e-02,3.65e-05,1.32e-03,2.65e-02,1.34e-03,5.10e-01},
	{2.03e-08,8.77e-08,3.31e-07,1.25e-10,1.34e-06,1.33e-01,2.21e-01,5.16e-02,5.68e-02,3.65e-05,1.32e-03,2.64e-02,1.34e-03,5.09e-01},
	{2.06e-08,8.81e-08,3.33e-07,1.30e-10,1.35e-06,1.34e-01,2.21e-01,5.17e-02,5.68e-02,3.65e-05,1.32e-03,2.64e-02,1.34e-03,5.08e-01},
	{2.08e-08,8.85e-08,3.34e-07,1.31e-10,1.36e-06,1.34e-01,2.22e-01,5.18e-02,5.69e-02,3.65e-05,1.32e-03,2.63e-02,1.33e-03,5.06e-01},
	{2.07e-08,8.88e-08,3.36e-07,1.32e-10,1.36e-06,1.35e-01,2.23e-01,5.19e-02,5.70e-02,3.65e-05,1.32e-03,2.63e-02,1.33e-03,5.05e-01},
	{2.07e-08,8.92e-08,3.37e-07,1.32e-10,1.37e-06,1.35e-01,2.23e-01,5.20e-02,5.70e-02,3.65e-05,1.32e-03,2.62e-02,1.33e-03,5.03e-01},
	{2.09e-08,8.96e-08,3.38e-07,1.32e-10,1.38e-06,1.36e-01,2.24e-01,5.22e-02,5.71e-02,3.65e-05,1.31e-03,2.62e-02,1.33e-03,5.02e-01},
	{2.09e-08,9.00e-08,3.40e-07,1.33e-10,1.39e-06,1.37e-01,2.25e-01,5.23e-02,5.72e-02,3.65e-05,1.31e-03,2.61e-02,1.32e-03,5.00e-01},
	{2.10e-08,9.03e-08,3.41e-07,1.32e-10,1.39e-06,1.37e-01,2.26e-01,5.24e-02,5.72e-02,3.65e-05,1.31e-03,2.61e-02,1.32e-03,4.99e-01},
	{2.11e-08,9.07e-08,3.43e-07,1.35e-10,1.40e-06,1.38e-01,2.26e-01,5.25e-02,5.73e-02,3.65e-05,1.31e-03,2.60e-02,1.31e-03,4.97e-01},
	{2.12e-08,9.11e-08,3.44e-07,1.36e-10,1.41e-06,1.38e-01,2.27e-01,5.26e-02,5.74e-02,3.65e-05,1.31e-03,2.60e-02,1.31e-03,4.96e-01},
	{2.11e-08,9.15e-08,3.45e-07,1.37e-10,1.42e-06,1.39e-01,2.28e-01,5.27e-02,5.74e-02,3.65e-05,1.31e-03,2.59e-02,1.31e-03,4.94e-01},
	{2.07e-08,9.19e-08,3.47e-07,1.36e-10,1.43e-06,1.40e-01,2.29e-01,5.29e-02,5.75e-02,3.65e-05,1.31e-03,2.59e-02,1.31e-03,4.93e-01},
	{2.10e-08,9.24e-08,3.49e-07,1.37e-10,1.44e-06,1.40e-01,2.30e-01,5.30e-02,5.76e-02,3.65e-05,1.31e-03,2.58e-02,1.30e-03,4.91e-01},
	{2.10e-08,9.27e-08,3.50e-07,1.36e-10,1.45e-06,1.41e-01,2.30e-01,5.31e-02,5.76e-02,3.65e-05,1.30e-03,2.58e-02,1.30e-03,4.90e-01},
	{2.11e-08,9.32e-08,3.52e-07,1.39e-10,1.45e-06,1.42e-01,2.31e-01,5.32e-02,5.77e-02,3.65e-05,1.30e-03,2.57e-02,1.30e-03,4.88e-01},
	{2.07e-08,9.36e-08,3.53e-07,1.38e-10,1.46e-06,1.42e-01,2.32e-01,5.34e-02,5.78e-02,3.65e-05,1.30e-03,2.57e-02,1.29e-03,4.86e-01},
	{2.08e-08,9.40e-08,3.55e-07,1.39e-10,1.47e-06,1.43e-01,2.33e-01,5.35e-02,5.78e-02,3.65e-05,1.30e-03,2.56e-02,1.29e-03,4.85e-01},
	{2.09e-08,9.45e-08,3.56e-07,1.40e-10,1.48e-06,1.44e-01,2.34e-01,5.36e-02,5.79e-02,3.65e-05,1.30e-03,2.55e-02,1.29e-03,4.83e-01},
	{2.11e-08,9.49e-08,3.58e-07,1.41e-10,1.49e-06,1.44e-01,2.35e-01,5.37e-02,5.80e-02,3.65e-05,1.30e-03,2.55e-02,1.28e-03,4.81e-01},
	{2.11e-08,9.53e-08,3.60e-07,1.42e-10,1.50e-06,1.45e-01,2.35e-01,5.39e-02,5.80e-02,3.65e-05,1.30e-03,2.54e-02,1.28e-03,4.80e-01},
	{2.11e-08,9.58e-08,3.61e-07,1.43e-10,1.51e-06,1.46e-01,2.36e-01,5.40e-02,5.81e-02,3.65e-05,1.29e-03,2.54e-02,1.28e-03,4.78e-01},
	{2.07e-08,9.62e-08,3.63e-07,1.41e-10,1.52e-06,1.46e-01,2.37e-01,5.41e-02,5.82e-02,3.65e-05,1.29e-03,2.53e-02,1.27e-03,4.76e-01},
	{2.08e-08,9.67e-08,3.65e-07,1.42e-10,1.53e-06,1.47e-01,2.38e-01,5.43e-02,5.82e-02,3.65e-05,1.29e-03,2.52e-02,1.27e-03,4.75e-01},
	{2.08e-08,9.72e-08,3.66e-07,1.44e-10,1.54e-06,1.48e-01,2.39e-01,5.44e-02,5.83e-02,3.65e-05,1.29e-03,2.52e-02,1.26e-03,4.73e-01},
	{2.08e-08,9.76e-08,3.68e-07,1.44e-10,1.55e-06,1.49e-01,2.40e-01,5.45e-02,5.84e-02,3.65e-05,1.29e-03,2.51e-02,1.26e-03,4.71e-01},
	{1.94e-08,9.81e-08,3.70e-07,1.37e-10,1.56e-06,1.49e-01,2.40e-01,5.46e-02,5.84e-02,3.65e-05,1.29e-03,2.50e-02,1.26e-03,4.70e-01},
	{1.98e-08,9.85e-08,3.71e-07,1.40e-10,1.57e-06,1.50e-01,2.41e-01,5.48e-02,5.85e-02,3.65e-05,1.28e-03,2.50e-02,1.26e-03,4.68e-01},
	{2.08e-08,9.90e-08,3.73e-07,1.46e-10,1.58e-06,1.51e-01,2.42e-01,5.49e-02,5.86e-02,3.65e-05,1.28e-03,2.49e-02,1.25e-03,4.66e-01},
	{2.09e-08,9.95e-08,3.75e-07,1.47e-10,1.59e-06,1.52e-01,2.43e-01,5.50e-02,5.86e-02,3.65e-05,1.28e-03,2.48e-02,1.25e-03,4.64e-01},
	{2.11e-08,1.00e-07,3.77e-07,1.46e-10,1.60e-06,1.52e-01,2.44e-01,5.52e-02,5.87e-02,3.65e-05,1.28e-03,2.48e-02,1.24e-03,4.63e-01},
	{2.05e-08,1.00e-07,3.78e-07,1.48e-10,1.61e-06,1.53e-01,2.45e-01,5.53e-02,5.88e-02,3.64e-05,1.28e-03,2.47e-02,1.24e-03,4.61e-01},
	{2.06e-08,1.01e-07,3.80e-07,1.49e-10,1.62e-06,1.54e-01,2.46e-01,5.54e-02,5.88e-02,3.64e-05,1.28e-03,2.46e-02,1.24e-03,4.59e-01},
	{2.07e-08,1.01e-07,3.82e-07,1.48e-10,1.63e-06,1.55e-01,2.47e-01,5.56e-02,5.89e-02,3.64e-05,1.27e-03,2.46e-02,1.23e-03,4.57e-01},
	{2.06e-08,1.02e-07,3.84e-07,1.50e-10,1.65e-06,1.55e-01,2.48e-01,5.57e-02,5.90e-02,3.64e-05,1.27e-03,2.45e-02,1.23e-03,4.55e-01},
	{2.04e-08,1.02e-07,3.86e-07,1.50e-10,1.66e-06,1.56e-01,2.49e-01,5.58e-02,5.90e-02,3.64e-05,1.27e-03,2.44e-02,1.22e-03,4.54e-01},
	{2.04e-08,1.03e-07,3.88e-07,1.51e-10,1.67e-06,1.57e-01,2.50e-01,5.59e-02,5.91e-02,3.64e-05,1.27e-03,2.44e-02,1.22e-03,4.52e-01},
	{2.07e-08,1.03e-07,3.90e-07,1.52e-10,1.68e-06,1.58e-01,2.50e-01,5.61e-02,5.91e-02,3.64e-05,1.27e-03,2.43e-02,1.21e-03,4.50e-01},
	{2.07e-08,1.04e-07,3.91e-07,1.53e-10,1.69e-06,1.59e-01,2.51e-01,5.62e-02,5.92e-02,3.64e-05,1.26e-03,2.42e-02,1.21e-03,4.48e-01},
	{2.02e-08,1.04e-07,3.93e-07,1.52e-10,1.70e-06,1.59e-01,2.52e-01,5.63e-02,5.93e-02,3.63e-05,1.26e-03,2.42e-02,1.21e-03,4.46e-01},
	{2.06e-08,1.05e-07,3.95e-07,1.54e-10,1.71e-06,1.60e-01,2.53e-01,5.65e-02,5.93e-02,3.63e-05,1.26e-03,2.41e-02,1.20e-03,4.44e-01},
	{2.08e-08,1.06e-07,3.97e-07,1.55e-10,1.73e-06,1.61e-01,2.54e-01,5.66e-02,5.94e-02,3.63e-05,1.26e-03,2.40e-02,1.20e-03,4.42e-01},
	{2.06e-08,1.06e-07,3.99e-07,1.51e-10,1.74e-06,1.62e-01,2.55e-01,5.67e-02,5.94e-02,3.63e-05,1.26e-03,2.40e-02,1.20e-03,4.41e-01},
	{2.05e-08,1.07e-07,4.01e-07,1.56e-10,1.75e-06,1.63e-01,2.56e-01,5.69e-02,5.95e-02,3.63e-05,1.25e-03,2.39e-02,1.19e-03,4.39e-01},
	{2.05e-08,1.07e-07,4.03e-07,1.55e-10,1.76e-06,1.63e-01,2.57e-01,5.70e-02,5.96e-02,3.62e-05,1.25e-03,2.38e-02,1.19e-03,4.37e-01},
	{2.06e-08,1.08e-07,4.05e-07,1.58e-10,1.77e-06,1.64e-01,2.58e-01,5.71e-02,5.96e-02,3.62e-05,1.25e-03,2.37e-02,1.18e-03,4.35e-01},
	{2.05e-08,1.08e-07,4.07e-07,1.57e-10,1.79e-06,1.65e-01,2.59e-01,5.73e-02,5.97e-02,3.62e-05,1.25e-03,2.37e-02,1.18e-03,4.33e-01},
	{2.03e-08,1.09e-07,4.10e-07,1.58e-10,1.80e-06,1.66e-01,2.60e-01,5.74e-02,5.97e-02,3.62e-05,1.25e-03,2.36e-02,1.18e-03,4.31e-01},
	{2.00e-08,1.09e-07,4.12e-07,1.58e-10,1.81e-06,1.67e-01,2.61e-01,5.75e-02,5.98e-02,3.62e-05,1.24e-03,2.35e-02,1.17e-03,4.29e-01},
	{2.01e-08,1.10e-07,4.14e-07,1.59e-10,1.82e-06,1.68e-01,2.62e-01,5.77e-02,5.98e-02,3.61e-05,1.24e-03,2.34e-02,1.17e-03,4.27e-01},
	{2.04e-08,1.10e-07,4.16e-07,1.61e-10,1.84e-06,1.69e-01,2.63e-01,5.78e-02,5.99e-02,3.61e-05,1.24e-03,2.34e-02,1.16e-03,4.25e-01},
	{2.02e-08,1.11e-07,4.18e-07,1.61e-10,1.85e-06,1.70e-01,2.64e-01,5.79e-02,5.99e-02,3.61e-05,1.24e-03,2.33e-02,1.16e-03,4.23e-01},
	{2.00e-08,1.12e-07,4.21e-07,1.62e-10,1.86e-06,1.70e-01,2.65e-01,5.81e-02,6.00e-02,3.61e-05,1.23e-03,2.32e-02,1.16e-03,4.21e-01},
	{2.02e-08,1.12e-07,4.23e-07,1.61e-10,1.88e-06,1.71e-01,2.66e-01,5.82e-02,6.00e-02,3.60e-05,1.23e-03,2.31e-02,1.15e-03,4.19e-01},
	{2.05e-08,1.13e-07,4.26e-07,1.60e-10,1.89e-06,1.72e-01,2.67e-01,5.84e-02,6.01e-02,3.60e-05,1.23e-03,2.31e-02,1.15e-03,4.17e-01},
	{2.01e-08,1.14e-07,4.28e-07,1.64e-10,1.91e-06,1.73e-01,2.68e-01,5.85e-02,6.01e-02,3.60e-05,1.23e-03,2.30e-02,1.14e-03,4.15e-01},
	{2.04e-08,1.14e-07,4.31e-07,1.62e-10,1.92e-06,1.74e-01,2.69e-01,5.86e-02,6.02e-02,3.60e-05,1.23e-03,2.29e-02,1.14e-03,4.13e-01},
	{1.99e-08,1.15e-07,4.33e-07,1.66e-10,1.94e-06,1.75e-01,2.70e-01,5.88e-02,6.03e-02,3.59e-05,1.22e-03,2.28e-02,1.13e-03,4.10e-01},
	{2.02e-08,1.16e-07,4.36e-07,1.67e-10,1.95e-06,1.76e-01,2.71e-01,5.89e-02,6.03e-02,3.59e-05,1.22e-03,2.28e-02,1.13e-03,4.08e-01},
	{2.01e-08,1.16e-07,4.39e-07,1.68e-10,1.96e-06,1.77e-01,2.72e-01,5.90e-02,6.03e-02,3.59e-05,1.22e-03,2.27e-02,1.12e-03,4.06e-01},
	{1.99e-08,1.17e-07,4.41e-07,1.68e-10,1.98e-06,1.78e-01,2.74e-01,5.92e-02,6.04e-02,3.58e-05,1.22e-03,2.26e-02,1.12e-03,4.04e-01},
	{2.03e-08,1.18e-07,4.45e-07,1.68e-10,2.00e-06,1.79e-01,2.75e-01,5.93e-02,6.04e-02,3.58e-05,1.21e-03,2.25e-02,1.11e-03,4.01e-01},
	{2.01e-08,1.19e-07,4.48e-07,1.71e-10,2.01e-06,1.80e-01,2.76e-01,5.95e-02,6.05e-02,3.58e-05,1.21e-03,2.24e-02,1.11e-03,3.99e-01},
	{2.02e-08,1.20e-07,4.51e-07,1.70e-10,2.03e-06,1.81e-01,2.77e-01,5.96e-02,6.05e-02,3.57e-05,1.21e-03,2.24e-02,1.10e-03,3.97e-01},
	{1.97e-08,1.21e-07,4.54e-07,1.72e-10,2.04e-06,1.82e-01,2.78e-01,5.98e-02,6.06e-02,3.57e-05,1.21e-03,2.23e-02,1.10e-03,3.95e-01},
	{1.97e-08,1.21e-07,4.58e-07,1.73e-10,2.06e-06,1.84e-01,2.79e-01,5.99e-02,6.06e-02,3.56e-05,1.20e-03,2.22e-02,1.09e-03,3.92e-01},
	{1.97e-08,1.22e-07,4.61e-07,1.75e-10,2.08e-06,1.85e-01,2.81e-01,6.01e-02,6.07e-02,3.56e-05,1.20e-03,2.21e-02,1.09e-03,3.90e-01},
	{1.86e-08,1.23e-07,4.65e-07,1.69e-10,2.10e-06,1.86e-01,2.82e-01,6.02e-02,6.07e-02,3.56e-05,1.20e-03,2.20e-02,1.08e-03,3.87e-01},
	{1.98e-08,1.25e-07,4.70e-07,1.76e-10,2.12e-06,1.87e-01,2.83e-01,6.04e-02,6.08e-02,3.55e-05,1.19e-03,2.19e-02,1.08e-03,3.84e-01},
	{1.98e-08,1.26e-07,4.74e-07,1.79e-10,2.14e-06,1.88e-01,2.85e-01,6.06e-02,6.08e-02,3.55e-05,1.19e-03,2.18e-02,1.07e-03,3.82e-01},
	{1.98e-08,1.27e-07,4.78e-07,1.81e-10,2.16e-06,1.90e-01,2.86e-01,6.07e-02,6.08e-02,3.54e-05,1.19e-03,2.17e-02,1.06e-03,3.79e-01},
	{1.99e-08,1.28e-07,4.83e-07,1.82e-10,2.18e-06,1.91e-01,2.87e-01,6.09e-02,6.09e-02,3.53e-05,1.18e-03,2.16e-02,1.06e-03,3.76e-01},
	{1.99e-08,1.29e-07,4.88e-07,1.84e-10,2.20e-06,1.92e-01,2.89e-01,6.11e-02,6.09e-02,3.53e-05,1.18e-03,2.15e-02,1.05e-03,3.73e-01},
	{1.95e-08,1.31e-07,4.93e-07,1.84e-10,2.22e-06,1.94e-01,2.90e-01,6.12e-02,6.10e-02,3.52e-05,1.18e-03,2.14e-02,1.05e-03,3.70e-01},
	{1.96e-08,1.32e-07,4.99e-07,1.87e-10,2.24e-06,1.95e-01,2.92e-01,6.14e-02,6.10e-02,3.52e-05,1.17e-03,2.13e-02,1.04e-03,3.68e-01},
	{1.93e-08,1.34e-07,5.05e-07,1.87e-10,2.27e-06,1.97e-01,2.93e-01,6.16e-02,6.10e-02,3.51e-05,1.17e-03,2.12e-02,1.03e-03,3.64e-01},
	{1.96e-08,1.35e-07,5.11e-07,1.90e-10,2.29e-06,1.98e-01,2.95e-01,6.17e-02,6.11e-02,3.50e-05,1.17e-03,2.11e-02,1.02e-03,3.61e-01},
	{1.95e-08,1.37e-07,5.17e-07,1.92e-10,2.32e-06,2.00e-01,2.96e-01,6.19e-02,6.11e-02,3.49e-05,1.16e-03,2.10e-02,1.02e-03,3.58e-01},
	{1.92e-08,1.39e-07,5.24e-07,1.93e-10,2.34e-06,2.01e-01,2.98e-01,6.21e-02,6.11e-02,3.49e-05,1.16e-03,2.09e-02,1.01e-03,3.55e-01},
	{1.96e-08,1.41e-07,5.32e-07,1.94e-10,2.37e-06,2.03e-01,3.00e-01,6.23e-02,6.11e-02,3.48e-05,1.16e-03,2.07e-02,1.00e-03,3.51e-01},
	{1.95e-08,1.43e-07,5.39e-07,1.99e-10,2.40e-06,2.05e-01,3.01e-01,6.25e-02,6.12e-02,3.47e-05,1.15e-03,2.06e-02,9.92e-04,3.48e-01},
	{1.95e-08,1.45e-07,5.48e-07,1.99e-10,2.43e-06,2.06e-01,3.03e-01,6.27e-02,6.12e-02,3.46e-05,1.15e-03,2.05e-02,9.86e-04,3.44e-01},
	{1.89e-08,1.47e-07,5.57e-07,2.02e-10,2.46e-06,2.08e-01,3.05e-01,6.29e-02,6.12e-02,3.45e-05,1.14e-03,2.03e-02,9.77e-04,3.40e-01},
	{1.91e-08,1.49e-07,5.66e-07,2.06e-10,2.49e-06,2.10e-01,3.07e-01,6.31e-02,6.12e-02,3.44e-05,1.14e-03,2.02e-02,9.67e-04,3.36e-01},
	{1.76e-08,1.52e-07,5.76e-07,2.00e-10,2.53e-06,2.12e-01,3.09e-01,6.33e-02,6.12e-02,3.43e-05,1.13e-03,2.00e-02,9.58e-04,3.32e-01},
	{1.75e-08,1.55e-07,5.87e-07,2.03e-10,2.57e-06,2.15e-01,3.11e-01,6.35e-02,6.12e-02,3.41e-05,1.13e-03,1.98e-02,9.48e-04,3.28e-01},
	{1.73e-08,1.57e-07,5.98e-07,2.06e-10,2.60e-06,2.17e-01,3.13e-01,6.37e-02,6.12e-02,3.40e-05,1.12e-03,1.97e-02,9.37e-04,3.23e-01},
	{1.87e-08,1.61e-07,6.11e-07,2.17e-10,2.65e-06,2.19e-01,3.16e-01,6.39e-02,6.12e-02,3.38e-05,1.12e-03,1.95e-02,9.25e-04,3.18e-01},
	{1.87e-08,1.64e-07,6.23e-07,2.21e-10,2.69e-06,2.22e-01,3.18e-01,6.41e-02,6.11e-02,3.37e-05,1.11e-03,1.93e-02,9.13e-04,3.14e-01},
	{1.87e-08,1.66e-07,6.35e-07,2.24e-10,2.73e-06,2.24e-01,3.20e-01,6.43e-02,6.11e-02,3.35e-05,1.11e-03,1.91e-02,9.02e-04,3.10e-01},
	{1.84e-08,1.69e-07,6.48e-07,2.26e-10,2.77e-06,2.26e-01,3.22e-01,6.45e-02,6.10e-02,3.34e-05,1.10e-03,1.89e-02,8.91e-04,3.05e-01},
	{1.85e-08,1.73e-07,6.62e-07,2.30e-10,2.81e-06,2.29e-01,3.25e-01,6.47e-02,6.10e-02,3.32e-05,1.09e-03,1.87e-02,8.78e-04,3.00e-01},
	{1.80e-08,1.76e-07,6.76e-07,2.31e-10,2.86e-06,2.31e-01,3.27e-01,6.49e-02,6.09e-02,3.30e-05,1.09e-03,1.85e-02,8.67e-04,2.96e-01},
	{1.82e-08,1.80e-07,6.90e-07,2.36e-10,2.91e-06,2.34e-01,3.29e-01,6.51e-02,6.08e-02,3.28e-05,1.08e-03,1.83e-02,8.53e-04,2.91e-01},
	{1.78e-08,1.83e-07,7.06e-07,2.38e-10,2.96e-06,2.37e-01,3.32e-01,6.53e-02,6.07e-02,3.26e-05,1.07e-03,1.81e-02,8.41e-04,2.86e-01},
	{1.80e-08,1.87e-07,7.22e-07,2.42e-10,3.02e-06,2.40e-01,3.34e-01,6.55e-02,6.06e-02,3.24e-05,1.06e-03,1.78e-02,8.26e-04,2.80e-01},
	{1.78e-08,1.91e-07,7.38e-07,2.45e-10,3.07e-06,2.43e-01,3.37e-01,6.57e-02,6.05e-02,3.22e-05,1.06e-03,1.76e-02,8.14e-04,2.75e-01},
	{1.75e-08,1.95e-07,7.56e-07,2.48e-10,3.14e-06,2.46e-01,3.40e-01,6.58e-02,6.03e-02,3.19e-05,1.05e-03,1.73e-02,8.00e-04,2.69e-01},
	{1.75e-08,1.99e-07,7.73e-07,2.52e-10,3.20e-06,2.49e-01,3.42e-01,6.60e-02,6.01e-02,3.16e-05,1.04e-03,1.71e-02,7.88e-04,2.63e-01},
	{1.76e-08,2.03e-07,7.91e-07,2.57e-10,3.27e-06,2.53e-01,3.45e-01,6.62e-02,5.99e-02,3.13e-05,1.03e-03,1.68e-02,7.74e-04,2.57e-01},
	{1.74e-08,2.07e-07,8.10e-07,2.61e-10,3.34e-06,2.56e-01,3.48e-01,6.63e-02,5.97e-02,3.10e-05,1.01e-03,1.65e-02,7.62e-04,2.51e-01},
	{1.56e-08,2.12e-07,8.30e-07,2.53e-10,3.42e-06,2.60e-01,3.51e-01,6.65e-02,5.95e-02,3.07e-05,1.00e-03,1.62e-02,7.50e-04,2.45e-01},
	{1.58e-08,2.17e-07,8.50e-07,2.60e-10,3.50e-06,2.64e-01,3.54e-01,6.66e-02,5.92e-02,3.04e-05,9.88e-04,1.58e-02,7.38e-04,2.38e-01},
	{1.70e-08,2.22e-07,8.71e-07,2.74e-10,3.59e-06,2.68e-01,3.57e-01,6.67e-02,5.90e-02,3.00e-05,9.75e-04,1.55e-02,7.25e-04,2.32e-01},
	{1.73e-08,2.27e-07,8.92e-07,2.80e-10,3.67e-06,2.72e-01,3.60e-01,6.68e-02,5.87e-02,2.97e-05,9.60e-04,1.52e-02,7.12e-04,2.25e-01},
	{1.55e-08,2.32e-07,9.14e-07,2.74e-10,3.76e-06,2.76e-01,3.64e-01,6.69e-02,5.83e-02,2.93e-05,9.46e-04,1.48e-02,7.01e-04,2.18e-01},
	{1.68e-08,2.37e-07,9.37e-07,2.88e-10,3.86e-06,2.81e-01,3.67e-01,6.69e-02,5.80e-02,2.89e-05,9.30e-04,1.45e-02,6.88e-04,2.12e-01},
	{1.70e-08,2.43e-07,9.61e-07,2.95e-10,3.96e-06,2.85e-01,3.70e-01,6.70e-02,5.76e-02,2.85e-05,9.14e-04,1.41e-02,6.74e-04,2.05e-01},
	{1.68e-08,2.49e-07,9.86e-07,2.99e-10,4.06e-06,2.90e-01,3.73e-01,6.70e-02,5.72e-02,2.80e-05,8.97e-04,1.38e-02,6.61e-04,1.98e-01},
	{1.69e-08,2.55e-07,1.01e-06,3.05e-10,4.16e-06,2.95e-01,3.76e-01,6.69e-02,5.68e-02,2.76e-05,8.80e-04,1.34e-02,6.46e-04,1.91e-01},
	{1.68e-08,2.62e-07,1.04e-06,3.10e-10,4.26e-06,2.99e-01,3.79e-01,6.69e-02,5.63e-02,2.71e-05,8.63e-04,1.30e-02,6.32e-04,1.84e-01},
	{1.67e-08,2.69e-07,1.07e-06,3.16e-10,4.36e-06,3.04e-01,3.82e-01,6.68e-02,5.59e-02,2.67e-05,8.45e-04,1.27e-02,6.18e-04,1.77e-01},
	{1.65e-08,2.76e-07,1.10e-06,3.21e-10,4.46e-06,3.09e-01,3.84e-01,6.67e-02,5.54e-02,2.62e-05,8.28e-04,1.23e-02,6.04e-04,1.71e-01},
	{1.63e-08,2.84e-07,1.14e-06,3.26e-10,4.57e-06,3.14e-01,3.87e-01,6.66e-02,5.49e-02,2.57e-05,8.10e-04,1.20e-02,5.89e-04,1.64e-01},
	{1.61e-08,2.92e-07,1.17e-06,3.31e-10,4.69e-06,3.19e-01,3.90e-01,6.65e-02,5.43e-02,2.51e-05,7.93e-04,1.16e-02,5.75e-04,1.58e-01},
	{1.59e-08,3.01e-07,1.21e-06,3.37e-10,4.82e-06,3.24e-01,3.92e-01,6.64e-02,5.37e-02,2.46e-05,7.75e-04,1.12e-02,5.60e-04,1.51e-01},
	{1.57e-08,3.11e-07,1.26e-06,3.43e-10,4.96e-06,3.29e-01,3.95e-01,6.62e-02,5.31e-02,2.41e-05,7.58e-04,1.09e-02,5.46e-04,1.45e-01},
	{1.55e-08,3.21e-07,1.31e-06,3.49e-10,5.10e-06,3.34e-01,3.97e-01,6.60e-02,5.25e-02,2.36e-05,7.41e-04,1.06e-02,5.31e-04,1.39e-01},
	{1.52e-08,3.32e-07,1.36e-06,3.57e-10,5.26e-06,3.39e-01,3.99e-01,6.58e-02,5.19e-02,2.31e-05,7.24e-04,1.02e-02,5.17e-04,1.33e-01},
	{1.50e-08,3.44e-07,1.41e-06,3.64e-10,5.43e-06,3.44e-01,4.01e-01,6.56e-02,5.12e-02,2.26e-05,7.08e-04,9.92e-03,5.03e-04,1.28e-01},
	{1.48e-08,3.57e-07,1.48e-06,3.72e-10,5.61e-06,3.48e-01,4.03e-01,6.54e-02,5.05e-02,2.21e-05,6.93e-04,9.61e-03,4.90e-04,1.22e-01},
	{1.45e-08,3.70e-07,1.54e-06,3.81e-10,5.80e-06,3.53e-01,4.04e-01,6.51e-02,4.99e-02,2.17e-05,6.78e-04,9.32e-03,4.76e-04,1.17e-01},
	{1.43e-08,3.85e-07,1.61e-06,3.90e-10,5.99e-06,3.58e-01,4.06e-01,6.48e-02,4.92e-02,2.13e-05,6.63e-04,9.02e-03,4.63e-04,1.12e-01},
	{1.40e-08,3.99e-07,1.68e-06,3.99e-10,6.19e-06,3.63e-01,4.08e-01,6.45e-02,4.85e-02,2.09e-05,6.49e-04,8.74e-03,4.50e-04,1.07e-01},
	{1.38e-08,4.14e-07,1.76e-06,4.09e-10,6.38e-06,3.67e-01,4.09e-01,6.42e-02,4.78e-02,2.05e-05,6.35e-04,8.47e-03,4.38e-04,1.03e-01},
	{1.36e-08,4.29e-07,1.84e-06,4.18e-10,6.57e-06,3.71e-01,4.10e-01,6.38e-02,4.72e-02,2.02e-05,6.22e-04,8.21e-03,4.26e-04,9.83e-02},
	{1.34e-08,4.45e-07,1.92e-06,4.28e-10,6.76e-06,3.75e-01,4.11e-01,6.35e-02,4.65e-02,1.98e-05,6.09e-04,7.96e-03,4.15e-04,9.44e-02},
	{1.32e-08,4.60e-07,2.00e-06,4.38e-10,6.94e-06,3.80e-01,4.12e-01,6.31e-02,4.59e-02,1.95e-05,5.97e-04,7.72e-03,4.04e-04,9.06e-02},
	{1.30e-08,4.76e-07,2.09e-06,4.47e-10,7.12e-06,3.84e-01,4.13e-01,6.28e-02,4.52e-02,1.91e-05,5.85e-04,7.49e-03,3.94e-04,8.69e-02},
	{1.28e-08,4.92e-07,2.17e-06,4.57e-10,7.29e-06,3.87e-01,4.14e-01,6.24e-02,4.46e-02,1.88e-05,5.74e-04,7.27e-03,3.84e-04,8.36e-02},
	{1.27e-08,5.07e-07,2.25e-06,4.66e-10,7.46e-06,3.91e-01,4.15e-01,6.20e-02,4.40e-02,1.84e-05,5.63e-04,7.07e-03,3.75e-04,8.05e-02},
	{1.25e-08,5.23e-07,2.33e-06,4.75e-10,7.63e-06,3.94e-01,4.15e-01,6.17e-02,4.34e-02,1.81e-05,5.53e-04,6.87e-03,3.67e-04,7.76e-02},
	{1.24e-08,5.38e-07,2.41e-06,4.84e-10,7.79e-06,3.98e-01,4.16e-01,6.13e-02,4.28e-02,1.78e-05,5.44e-04,6.69e-03,3.60e-04,7.49e-02},
	{1.24e-08,5.54e-07,2.49e-06,4.93e-10,7.95e-06,4.01e-01,4.16e-01,6.10e-02,4.23e-02,1.75e-05,5.34e-04,6.52e-03,3.54e-04,7.24e-02},
	{1.23e-08,5.70e-07,2.57e-06,5.03e-10,8.10e-06,4.04e-01,4.16e-01,6.06e-02,4.18e-02,1.72e-05,5.25e-04,6.36e-03,3.48e-04,7.00e-02},
	{1.23e-08,5.86e-07,2.64e-06,5.12e-10,8.25e-06,4.07e-01,4.17e-01,6.03e-02,4.13e-02,1.69e-05,5.17e-04,6.21e-03,3.44e-04,6.79e-02},
	{1.23e-08,6.01e-07,2.71e-06,5.22e-10,8.40e-06,4.10e-01,4.17e-01,5.99e-02,4.08e-02,1.66e-05,5.09e-04,6.07e-03,3.40e-04,6.60e-02},
	{1.23e-08,6.17e-07,2.79e-06,5.32e-10,8.55e-06,4.13e-01,4.17e-01,5.96e-02,4.03e-02,1.64e-05,5.02e-04,5.94e-03,3.37e-04,6.41e-02},
	{1.24e-08,6.32e-07,2.85e-06,5.42e-10,8.69e-06,4.15e-01,4.17e-01,5.92e-02,3.99e-02,1.61e-05,4.96e-04,5.83e-03,3.35e-04,6.26e-02},
	{1.25e-08,6.48e-07,2.92e-06,5.52e-10,8.83e-06,4.18e-01,4.17e-01,5.89e-02,3.95e-02,1.59e-05,4.90e-04,5.73e-03,3.34e-04,6.11e-02},
	{1.26e-08,6.64e-07,2.98e-06,5.63e-10,8.98e-06,4.20e-01,4.16e-01,5.85e-02,3.90e-02,1.56e-05,4.84e-04,5.63e-03,3.33e-04,5.96e-02},
	{1.27e-08,6.79e-07,3.04e-06,5.73e-10,9.12e-06,4.22e-01,4.16e-01,5.82e-02,3.87e-02,1.54e-05,4.80e-04,5.55e-03,3.32e-04,5.85e-02},
	{1.28e-08,6.94e-07,3.10e-06,5.83e-10,9.27e-06,4.25e-01,4.16e-01,5.78e-02,3.82e-02,1.51e-05,4.76e-04,5.48e-03,3.33e-04,5.75e-02},
	{1.29e-08,7.09e-07,3.15e-06,5.92e-10,9.42e-06,4.27e-01,4.15e-01,5.75e-02,3.78e-02,1.49e-05,4.72e-04,5.42e-03,3.33e-04,5.65e-02},
	{1.31e-08,7.24e-07,3.21e-06,6.02e-10,9.58e-06,4.29e-01,4.15e-01,5.72e-02,3.74e-02,1.46e-05,4.70e-04,5.37e-03,3.34e-04,5.57e-02},
	{1.32e-08,7.39e-07,3.26e-06,6.11e-10,9.76e-06,4.31e-01,4.14e-01,5.69e-02,3.70e-02,1.44e-05,4.67e-04,5.33e-03,3.34e-04,5.50e-02},
	{1.34e-08,7.53e-07,3.31e-06,6.19e-10,9.95e-06,4.33e-01,4.14e-01,5.66e-02,3.67e-02,1.42e-05,4.66e-04,5.29e-03,3.36e-04,5.44e-02},
	{1.35e-08,7.67e-07,3.36e-06,6.27e-10,1.02e-05,4.35e-01,4.13e-01,5.63e-02,3.63e-02,1.40e-05,4.64e-04,5.25e-03,3.37e-04,5.37e-02},
	{1.37e-08,7.81e-07,3.40e-06,6.33e-10,1.04e-05,4.36e-01,4.13e-01,5.60e-02,3.60e-02,1.38e-05,4.62e-04,5.22e-03,3.39e-04,5.32e-02},
	{1.38e-08,7.94e-07,3.45e-06,6.40e-10,1.06e-05,4.38e-01,4.12e-01,5.58e-02,3.57e-02,1.37e-05,4.60e-04,5.19e-03,3.40e-04,5.26e-02},
	{1.40e-08,8.06e-07,3.49e-06,6.46e-10,1.07e-05,4.39e-01,4.12e-01,5.57e-02,3.55e-02,1.36e-05,4.58e-04,5.15e-03,3.42e-04,5.21e-02},
	{1.42e-08,8.17e-07,3.53e-06,6.53e-10,1.09e-05,4.40e-01,4.12e-01,5.57e-02,3.54e-02,1.36e-05,4.54e-04,5.08e-03,3.42e-04,5.13e-02},
	{1.43e-08,8.27e-07,3.57e-06,6.58e-10,1.10e-05,4.41e-01,4.12e-01,5.57e-02,3.54e-02,1.36e-05,4.49e-04,5.00e-03,3.43e-04,5.04e-02},
	{1.46e-08,8.36e-07,3.61e-06,6.64e-10,1.10e-05,4.41e-01,4.13e-01,5.60e-02,3.57e-02,1.38e-05,4.43e-04,4.91e-03,3.43e-04,4.95e-02},
	{1.48e-08,8.43e-07,3.65e-06,6.69e-10,1.10e-05,4.40e-01,4.14e-01,5.63e-02,3.60e-02,1.40e-05,4.34e-04,4.78e-03,3.42e-04,4.83e-02},
	{1.50e-08,8.50e-07,3.70e-06,6.75e-10,1.09e-05,4.39e-01,4.15e-01,5.69e-02,3.66e-02,1.43e-05,4.22e-04,4.61e-03,3.40e-04,4.67e-02},
	{1.52e-08,8.57e-07,3.76e-06,6.82e-10,1.07e-05,4.38e-01,4.17e-01,5.77e-02,3.74e-02,1.48e-05,4.10e-04,4.43e-03,3.38e-04,4.50e-02},
	{1.54e-08,8.67e-07,3.85e-06,6.93e-10,1.05e-05,4.36e-01,4.19e-01,5.87e-02,3.85e-02,1.54e-05,3.94e-04,4.20e-03,3.33e-04,4.29e-02},
	{1.56e-08,8.88e-07,3.99e-06,7.13e-10,1.03e-05,4.33e-01,4.22e-01,5.99e-02,3.98e-02,1.61e-05,3.76e-04,3.94e-03,3.26e-04,4.05e-02},
	{1.57e-08,9.32e-07,4.28e-06,7.57e-10,9.95e-06,4.30e-01,4.26e-01,6.13e-02,4.13e-02,1.71e-05,3.58e-04,3.66e-03,3.18e-04,3.79e-02},
	{1.57e-08,1.04e-06,4.92e-06,8.66e-10,9.63e-06,4.26e-01,4.29e-01,6.28e-02,4.31e-02,1.81e-05,3.37e-04,3.34e-03,3.07e-04,3.48e-02},
	{1.56e-08,1.32e-06,6.60e-06,1.16e-09,9.30e-06,4.22e-01,4.33e-01,6.46e-02,4.51e-02,1.93e-05,3.16e-04,3.00e-03,2.93e-04,3.15e-02},
	{1.53e-08,1.99e-06,1.12e-05,2.02e-09,8.96e-06,4.18e-01,4.37e-01,6.65e-02,4.72e-02,2.07e-05,2.94e-04,2.65e-03,2.76e-04,2.80e-02},
	{1.48e-08,3.43e-06,2.51e-05,4.65e-09,8.66e-06,4.14e-01,4.42e-01,6.84e-02,4.95e-02,2.21e-05,2.71e-04,2.28e-03,2.56e-04,2.41e-02},
	{1.40e-08,6.06e-06,6.83e-05,1.26e-08,8.40e-06,4.10e-01,4.46e-01,7.03e-02,5.18e-02,2.36e-05,2.48e-04,1.92e-03,2.33e-04,2.03e-02},
	{1.28e-08,9.85e-06,1.95e-04,3.34e-08,8.28e-06,4.06e-01,4.49e-01,7.21e-02,5.39e-02,2.51e-05,2.24e-04,1.57e-03,2.08e-04,1.66e-02},
	{1.11e-08,1.44e-05,5.21e-04,7.91e-08,8.60e-06,4.03e-01,4.52e-01,7.36e-02,5.56e-02,2.62e-05,1.98e-04,1.23e-03,1.84e-04,1.31e-02},
	{8.53e-09,1.95e-05,1.34e-03,1.75e-07,1.01e-05,4.03e-01,4.54e-01,7.43e-02,5.64e-02,2.68e-05,1.67e-04,9.04e-04,1.60e-04,9.82e-03},
	{5.51e-09,2.46e-05,3.18e-03,3.58e-07,1.48e-05,4.05e-01,4.54e-01,7.38e-02,5.56e-02,2.63e-05,1.30e-04,6.00e-04,1.41e-04,6.96e-03},
	{2.67e-09,2.89e-05,7.23e-03,7.16e-07,2.77e-05,4.14e-01,4.51e-01,7.11e-02,5.20e-02,2.40e-05,8.40e-05,3.25e-04,1.30e-04,4.46e-03},
	{8.05e-10,3.10e-05,1.55e-02,1.38e-06,5.84e-05,4.30e-01,4.41e-01,6.58e-02,4.54e-02,1.98e-05,4.16e-05,1.30e-04,1.27e-04,2.52e-03},
	{1.07e-12,2.98e-05,3.18e-02,1.24e-06,1.26e-04,4.51e-01,4.22e-01,5.74e-02,3.63e-02,1.46e-05,1.46e-05,3.56e-05,1.22e-04,1.17e-03},
	{2.91e-14,2.47e-05,6.26e-02,1.79e-06,2.63e-04,4.77e-01,3.88e-01,4.62e-02,2.56e-02,9.09e-06,3.79e-06,6.44e-06,8.99e-05,3.80e-04},
	{2.55e-15,1.86e-05,1.13e-01,2.71e-06,5.20e-04,4.97e-01,3.39e-01,3.45e-02,1.61e-02,4.96e-06,1.06e-06,1.17e-06,4.33e-05,8.30e-05},
	{3.86e-16,1.37e-05,1.81e-01,4.05e-06,9.85e-04,5.06e-01,2.79e-01,2.38e-02,8.89e-03,2.33e-06,3.60e-07,3.05e-07,1.32e-05,1.20e-05},
	{9.07e-17,1.03e-05,2.60e-01,5.77e-06,1.76e-03,5.09e-01,2.11e-01,1.47e-02,3.97e-03,8.75e-07,1.18e-07,8.97e-08,2.58e-06,1.29e-06},
	{2.97e-17,8.05e-06,3.35e-01,7.66e-06,2.84e-03,5.06e-01,1.47e-01,8.25e-03,1.41e-03,2.61e-07,3.24e-08,2.29e-08,4.06e-07,1.45e-07},
	{1.21e-17,6.55e-06,3.99e-01,9.18e-06,5.36e-03,5.02e-01,9.01e-02,3.85e-03,3.62e-04,5.45e-08,6.18e-09,4.04e-09,9.72e-08,2.06e-08},
	{6.21e-18,5.57e-06,4.48e-01,8.88e-06,1.52e-02,4.81e-01,5.46e-02,1.63e-03,1.10e-04,1.23e-08,1.41e-09,9.28e-10,5.67e-08,7.11e-09},
	{4.02e-18,4.95e-06,4.83e-01,7.89e-06,3.06e-02,4.47e-01,3.88e-02,8.95e-04,7.00e-05,6.26e-09,7.91e-10,5.47e-10,4.49e-08,5.10e-09},
	{3.01e-18,4.55e-06,5.08e-01,7.25e-06,4.48e-02,4.15e-01,3.17e-02,6.47e-04,6.64e-05,5.20e-09,6.95e-10,4.95e-10,3.81e-08,4.95e-09},
	{2.46e-18,4.29e-06,5.26e-01,6.89e-06,5.62e-02,3.89e-01,2.79e-02,5.62e-04,6.88e-05,4.95e-09,6.86e-10,5.06e-10,3.30e-08,5.71e-09},
	{2.15e-18,4.12e-06,5.39e-01,6.66e-06,6.50e-02,3.70e-01,2.57e-02,5.53e-04,7.13e-05,4.86e-09,7.27e-10,6.06e-10,2.82e-08,7.08e-09},
	{1.95e-18,4.00e-06,5.48e-01,6.50e-06,7.18e-02,3.56e-01,2.43e-02,5.82e-04,7.28e-05,4.80e-09,8.88e-10,9.30e-10,2.36e-08,8.67e-09},
	{1.83e-18,3.93e-06,5.55e-01,6.42e-06,7.67e-02,3.44e-01,2.33e-02,6.36e-04,7.43e-05,4.88e-09,1.27e-09,1.58e-09,1.97e-08,1.01e-08},
